6825
4699
6727
1483
911
1876
7411
4011
1307
3070
1032
6307
3131
1594
1808
5586
285
2658
6978
1040
7146
4262
6856
947
2512
2416
1019
6407
1227
5995
6393
6076
4438
2180
1199
6540
5544
3177
3615
6326
5987
5402
257
5761
1240
565
3088
6859
1750
5233
5509
6321
3473
5876
5696
7331
1015
1164
4511
4979
1773
6865
1156
4488
1607
4519
6458
6459
881
1488
7162
6340
3170
1025
3554
1376
681
3021
4336
1081
4789
5494
865
3690
7403
902
7389
1921
3848
7292
1699
613
3997
334
2775
6821
1335
6328
6842
4689
5563
3855
7392
2699
7014
5205
1484
6854
336
2078
3266
746
1457
406
643
3475
2754
1644
2879
7426
1703
2694
1929
5162
2743
3693
4788
6807
2024
3196
2661
2689
474
2463
3042
891
4759
5483
7214
1692
1744
691
2688
6009
1745
7188
5334
4603
5613
2840
492
4673
5793
5158
5935
812
6
5204
5187
4197
293
4106
6461
721
5288
4265
5769
7101
4520
1203
5820
949
6082
6151
6829
2883
5325
825
7290
274
1851
1192
5917
6581
557
3391
6810
4448
3216
261
434
619
7129
4787
6897
1637
275
3582
4735
2389
5262
1900
6180
7174
2091
1558
5864
4930
6998
1354
4593
273
6955
1471
6851
3311
1150
6950
4715
7190
5080
6166
78
4969
2245
5358
5242
4535
1966
2827
2343
6014
5773
2235
3504
158
1797
6844
771
1064
5493
382
3020
6771
2962
3447
6336
1010
6278
2115
103
7397
1160
5604
5569
5523
5920
4143
3243
7423
3519
4570
2526
7255
1518
3017
5803
3139
4524
6330
1038
971
7260
369
2565
3912
6048
4492
2770
5818
6208
3474
1489
5285
4632
5044
5597
1972
3133
5278
2304
5721
4808
1302
7263
6940
1564
7053
2893
808
2433
5074
3798
1190
1147
1103
5940
999
914
1885
2586
604
3996
1405
5359
1503
7169
6057
4681
4888
4315
1732
1786
6155
3083
4818
5245
4220
5470
1248
426
2491
522
5386
912
3327
381
671
5382
6631
5692
3739
3901
7119
482
5143
4795
5744
623
4572
7373
490
7266
6579
3030
6866
678
1161
5829
5422
7277
3003
6603
1970
4959
7409
2515
1820
5809
537
5110
7354
6890
2611
7408
2700
5796
5401
4849
83
5218
4608
1882
5469
868
2753
147
5454
3431
1254
3717
470
414
1210
4910
5039
5901
6752
2533
6108
3320
590
5937
1145
3748
647
2002
5418
6558
5054
2195
1782
6721
6157
2127
3210
4373
3821
1540
1014
6605
3160
4887
1334
4416
621
586
2990
6319
57
5608
6716
4871
6145
2900
5299
5785
615
6431
5566
5558
5778
5908
1111
1584
3240
1011
2342
6713
5295
4460
979
3967
5259
800
4812
6634
5281
4916
6092
497
7341
1853
5928
6378
7137
603
6283
1978
2514
5522
2238
3514
5246
3245
509
974
4853
1910
4968
6046
5105
6284
5223
1789
4151
6038
6400
1770
744
7280
7483
2141
1359
383
7109
1290
4866
136
7055
1926
6495
1663
6055
2695
600
370
262
3251
1253
4483
1713
5210
3948
1867
5871
7311
5690
3636
2860
2547
5161
4184
1653
7378
5919
1357
3019
4508
364
5783
4765
6981
7322
2834
5868
6103
5723
693
7463
6820
6486
2484
487
962
6568
494
3531
1553
3661
1659
2216
5754
1467
5501
2263
6496
1620
5195
5298
587
2871
6888
6845
3145
817
4444
3596
4574
1088
6742
2381
3028
1086
5737
1342
3900
5459
7275
4393
6763
2556
3835
5215
2524
1779
1037
1146
4592
4800
5625
3512
1641
5985
712
3481
2849
5250
7161
4677
3838
1526
7052
5486
4275
7057
5673
5455
5108
6870
1639
4304
7264
123
5388
5462
3345
5736
3940
843
6351
772
4686
6412
173
3865
2650
6921
5050
4290
5746
1886
5938
5997
156
2010
98
2579
6661
4714
27
7301
1559
4008
867
606
3420
616
296
2692
1404
3880
4177
5252
1474
5702
649
2563
2040
3334
1757
2444
4736
6565
3348
1846
119
1120
6310
6607
2095
380
4191
1533
1158
770
6635
4314
5658
1598
6551
2301
2619
6289
5913
6267
4914
5813
2220
4198
2057
5856
6462
978
636
5942
3564
6214
893
5576
6390
2506
5168
2889
4531
4312
1649
3306
1262
1125
1195
7471
3566
1083
1566
2452
1698
5226
5318
1502
6816
1959
6884
916
87
3773
6129
1236
3058
4335
5519
3109
5545
3795
1041
2196
2043
6377
4635
1706
4875
6753
4631
6648
5607
798
4559
3608
4822
2678
1517
6081
358
5801
1936
3872
2527
1462
1690
5101
6576
1841
1839
3990
898
4977
2937
988
3013
670
4927
7321
5549
5453
1228
4664
4978
3316
1982
1282
3260
802
6471
168
1741
6567
4751
5679
634
1695
7487
7455
1345
561
6153
6091
6992
1080
3335
4725
2584
2018
3371
463
5427
2633
122
5732
6761
388
981
1813
5822
4842
1963
5911
409
996
1995
3394
6369
625
7387
1225
1969
6783
1823
6493
4980
3576
18
100
2686
1237
7430
2441
1222
6387
826
5343
3854
5471
5933
5859
6365
4613
6874
1079
6730
3265
1828
461
739
2111
1898
4826
1516
3362
3031
4362
5742
3667
223
7476
6831
1826
5517
2712
5877
983
2881
1928
2131
1100
3956
1101
55
3111
4897
3484
2535
1934
4952
5825
6130
2614
288
545
2979
2012
2521
3361
1917
5555
1739
6794
7085
129
1530
6688
7449
3138
4309
4883
2499
5704
144
3047
5239
52
5508
5701
1186
4555
1619
6984
5251
181
5117
2495
929
6767
2652
1250
5948
7196
1296
5209
5858
6125
714
1903
6554
2788
6812
1965
6976
3038
7181
6203
4202
4851
5403
6941
3082
1131
6954
5152
1114
5564
5712
5475
5828
2202
3857
91
3621
4672
4567
2812
5247
3100
169
7323
5866
5317
6875
3808
742
6044
950
3506
2642
6918
5810
6457
2820
3125
4915
3386
2682
5872
3289
857
2313
2773
4713
6093
1127
2561
5794
7008
6784
2766
5291
2457
5541
2922
3597
3643
6711
5561
2440
7058
1234
6182
7120
2702
2485
5897
4270
5922
6447
6536
3312
6173
3869
354
4939
6398
1742
4752
126
161
3704
1664
1561
5264
6928
6947
1304
3571
6004
1949
1353
1251
4578
1581
513
7239
3252
7272
758
6479
7468
2434
3538
7432
2647
861
2620
6322
3604
6491
862
7139
5903
2681
7472
5531
7062
6052
2786
386
2489
4591
6171
3535
1132
4846
3700
5526
3001
390
4568
4835
1913
2482
3427
5327
1855
2050
6218
7235
1668
3318
2109
2114
7338
437
1358
5340
1869
6927
1005
6341
301
1909
1028
4764
1860
6645
733
1957
1655
5781
455
2290
958
3075
5213
3907
573
2102
1976
2675
3785
7293
1364
569
2445
576
4325
1544
4366
5235
3092
1729
3338
6465
3
5179
5542
1774
4823
2769
3357
6087
774
3029
1338
5201
5155
2918
2188
6904
5885
6951
2224
4777
4982
166
5598
5700
4530
1691
2020
2133
4782
1632
5588
6104
4207
3515
624
3874
3331
3664
1104
5861
4489
4468
7398
5321
5779
3244
5533
3485
4326
4833
2992
5103
6943
1754
3472
1052
6080
5450
2951
7086
1074
6184
1859
1580
3516
189
2210
7465
3754
3724
1677
3712
4268
4068
5244
4744
4768
539
6429
665
6051
780
3465
2088
763
872
4001
7413
5621
4029
4551
6063
903
6188
4195
4529
5910
7307
3859
6610
5757
6735
6126
5817
1437
36
6712
3574
256
4514
2065
4208
3528
2081
2436
1371
4101
7242
2014
6361
7094
2084
7446
6858
1044
869
3893
105
7441
6932
6698
3110
5698
6298
5104
4760
2341
7310
157
6483
5717
5873
3059
724
6020
4
4855
5667
403
4784
5847
475
5764
2492
7059
5606
7165
5448
4596
3182
6693
5560
6895
558
291
5094
5236
831
352
747
4676
7020
2998
7448
2755
1273
7115
4708
1731
1971
2230
2158
3902
687
305
2713
7383
4909
4945
885
955
2022
145
935
1712
1562
2693
458
4774
2752
3495
6364
5490
3542
1755
1047
2487
1895
2645
5279
2597
7440
3037
992
3237
5740
761
203
5323
6263
3264
1925
6384
73
6550
1801
7060
5556
5792
1679
1356
188
5322
3756
4598
363
1804
7185
6900
2950
3750
3771
2989
711
1137
1948
1229
1814
5116
589
6760
6408
887
2239
599
6268
4253
6566
445
750
5867
6205
6899
7414
1610
4090
2000
6514
807
7211
6811
904
2332
128
5565
2706
6105
5631
464
2971
1788
1991
5694
1521
1006
1752
2106
3624
243
3513
4182
1270
6665
6339
6411
2187
921
601
1129
5567
1422
906
6251
4705
4840
297
7474
2185
517
2667
3025
2076
1676
5662
937
7451
1785
626
2198
4485
4838
6882
669
5652
1596
5642
2112
410
116
3393
6625
6499
5958
3864
7429
5863
4513
2793
3430
4155
4294
3192
6333
1068
2310
219
5413
7206
816
5691
5780
4825
7346
1201
3383
4447
5745
4389
2767
3275
222
4940
6575
5842
37
6219
3416
6542
5393
1520
5583
3868
942
2952
3628
1709
5222
6577
5695
934
2732
4817
6138
6632
6539
3733
6464
3086
6354
371
2980
5214
7366
6036
677
3184
2136
3828
3599
4605
4658
1246
3188
2687
3104
560
1072
6362
6948
830
2348
6296
5805
6914
7444
3015
5936
890
554
3777
1202
3920
2961
4244
49
2503
1600
6799
5554
7118
366
211
918
659
239
4999
2747
951
1424
7080
342
3436
5100
6040
5380
1798
6922
2543
1927
6944
4378
6137
6316
3263
3095
1546
2234
5582
3093
5643
2955
3726
3617
6672
1689
5474
7081
2429
3194
5411
2623
2470
705
330
2275
3589
5699
3937
338
588
6292
1029
4260
6522
5300
3841
2399
1319
6762
2785
1554
1776
4727
882
769
1219
3957
7309
4746
5854
6656
7372
4742
6880
7141
4484
1332
1391
6604
2418
6615
5020
6975
6736
4678
375
5578
11
5930
7180
6597
696
683
656
1815
3541
1802
3039
2910
6646
1634
2818
6315
969
1258
4639
3879
1674
821
6500
1734
400
1586
1751
5003
117
2113
762
6141
4305
3565
3922
4791
1762
6323
2448
3098
5008
4297
2917
1523
1017
5591
3372
7401
3668
1790
2406
5482
1303
2407
700
1389
5862
5087
5516
7358
1382
235
6294
2831
1002
4922
630
4906
319
14
6659
2314
6119
1392
863
2199
5733
5838
4212
4411
1866
7091
4256
2734
3205
3307
7418
1360
3166
1291
7447
4437
3180
1711
3035
4209
17
1806
1024
1260
7377
5739
6600
5845
853
2498
1787
2162
648
3346
4908
5211
6186
5612
806
5978
3048
4655
1507
597
3079
2344
6843
4890
5709
4966
4527
2324
6578
2569
3414
7427
1421
1922
4693
3091
6757
3738
2016
4805
6898
1725
2483
431
3989
3521
2794
7212
2566
3867
6573
7013
7132
6841
975
1082
3378
7034
2497
736
7442
477
6655
3509
1719
5728
4981
5770
7402
10
1056
571
3424
580
7342
6657
4737
1455
3305
3508
4748
5543
2424
1441
6538
2935
4747
1107
2621
4493
1221
6626
5224
883
2677
6088
2774
7347
1255
1448
2223
6096
4844
5510
2603
6305
6515
4776
221
4934
1242
7131
6375
245
7386
5710
3446
3776
277
2468
6443
4306
1557
6175
184
216
2191
5677
6024
1170
1945
5398
3178
2423
0
1149
5260
900
162
5715
460
6588
315
322
5002
5217
5751
6987
5929
3759
4671
5846
5614
6786
6511
2360
1060
1287
6210
5546
2430
7357
3775
7393
4696
6275
3479
3124
2477
7005
4399
1182
1130
1678
5434
496
1286
5748
521
2905
7257
1355
5572
7015
6359
5689
5888
1714
4799
5661
1850
3231
5207
4540
592
602
1036
4753
6905
6373
1567
2986
1987
3803
5879
1816
3143
4949
3222
5231
1301
3819
6759
4329
3595
3890
1322
2362
6935
1874
3455
4893
2925
3161
4278
201
2259
1704
3009
59
1275
1872
4781
2215
5664
784
5202
42
5409
6938
4172
1727
5648
54
1420
3089
6083
1919
5167
5539
3130
1654
3626
3551
4694
6513
804
1269
1990
506
4082
4548
926
5602
986
4973
1708
1106
5429
2539
244
7400
1385
4895
7369
3725
6247
6557
290
2474
1188
1666
1683
2709
1912
1935
773
3873
4707
1381
1862
710
5120
6909
1177
193
5991
516
6570
3648
5603
4128
5479
2763
2144
1427
5243
7022
5303
2134
1110
6110
4907
6915
836
1986
4341
7421
1173
359
6517
1958
961
6949
593
6936
555
7352
4597
1512
549
538
4188
1445
1169
4125
3505
1961
7187
928
2936
7363
5335
6217
1312
5693
1652
6460
859
1212
1918
1947
2132
2167
2737
3612
1233
4925
1849
5595
318
2838
6131
4456
6828
5373
5115
6690
6256
6958
4345
7241
2298
4963
932
4321
5687
2914
6756
5513
4410
2511
1266
6317
7422
605
7186
878
88
6706
40
1050
7228
7035
43
2366
3913
4342
913
213
3387
6482
2252
374
1656
4313
3939
6054
207
5484
6293
1183
1791
1214
2278
2824
4000
7054
2069
164
6963
454
4296
6717
655
2186
367
1833
5647
4692
1031
4503
732
2385
3337
6440
2035
5912
1217
2047
2161
4802
6295
153
320
3195
1062
7308
4656
1102
6834
2453
2146
1694
1330
1054
1545
4786
3315
4454
5905
1153
504
2523
5684
3491
7193
4293
5312
6555
2718
1066
3236
2122
2017
2892
931
6574
3400
6410
7477
1560
2236
7330
1832
6394
3533
2969
6194
6861
6857
1249
2037
2460
4482
5999
7018
3442
5177
1386
3490
1726
2205
4913
2396
3183
1916
530
155
6584
6197
4872
7479
16
4601
1597
6371
2145
2217
5505
6282
1852
5705
879
7416
316
2708
1989
1116
2983
7362
2596
2350
5500
1263
1684
6860
7166
372
2957
4877
5802
5713
7234
5296
1043
5798
7394
1621
4135
3080
4295
832
1367
6887
6133
5965
3336
675
7133
209
413
4649
948
5234
5277
4955
6679
62
2670
6406
5338
540
2456
1480
7026
110
3078
6388
6248
7404
6647
1099
1372
6643
3814
7291
4257
1067
1124
5579
4440
2138
3200
6591
3511
2426
5916
12
2915
645
685
377
1985
3573
2174
1155
6680
3453
4387
1472
6911
2789
1305
4839
4491
2311
2777
905
4330
2920
3288
7388
7177
6714
1035
6883
4923
7
3833
1573
3723
7269
1515
6212
791
4512
3132
7364
3456
698
5836
505
5683
1532
6392
355
2833
333
1956
2711
781
767
4898
5183
2160
3503
3898
3888
3862
2450
2009
4430
5042
4821
5345
205
3352
1939
722
1289
1395
5946
6758
1803
2909
3366
6790
4337
4815
5346
2442
7110
5682
6357
7106
1571
4058
4338
5464
3832
1315
174
970
121
728
265
5518
3815
1968
783
2741
6062
19
1612
6556
2583
6174
2970
4374
1094
1293
3933
782
4998
4433
4012
6306
3764
1848
3678
2104
5537
6636
1775
4144
3592
260
2764
459
5574
3926
6154
2691
2904
4814
5390
466
2092
917
1710
3863
925
5641
3851
1440
1572
2395
6070
5019
5892
6169
4301
124
3397
4616
3708
2218
5688
7450
5711
1647
3308
2439
3340
2462
6630
5515
6795
3425
5525
2850
5095
1380
5316
4633
1861
3437
4625
1274
2638
5351
6211
1136
60
6413
3844
1196
4896
3936
5815
3376
1402
6616
1646
5392
1534
920
4571
4917
3769
6299
7286
130
889
2841
1519
1277
1450
1181
2370
5900
1000
4036
543
1432
3175
39
6053
3601
1193
6745
314
2886
989
525
6509
5941
6931
5925
6707
3593
6442
5878
595
1640
7038
6160
212
1470
1245
6965
2742
281
4701
1873
4204
4281
4690
620
4962
7213
3369
3280
7452
5180
4017
2762
4333
507
5804
6614
827
7300
63
3064
292
3118
6583
6869
1997
4210
3929
6971
2240
199
2079
5446
1239
6953
5904
3715
3449
6424
5021
5934
1281
1793
6612
1570
3359
3273
5330
4809
196
6191
793
2
5633
429
15
6049
4988
4657
7168
7025
982
2119
1595
1021
6973
6541
1133
5720
3629
3655
3568
813
2588
3181
4556
1061
2532
6481
2094
518
4832
7295
1915
5600
6589
5931
5592
5944
2781
2562
6140
556
6190
2073
299
7194
5760
993
2364
3061
1018
3740
2351
309
5947
1048
6204
6146
1511
6739
2875
3396
1494
4936
150
4397
6418
3572
2966
2378
6355
2021
4372
2193
6436
228
3818
6910
662
1670
523
1198
2454
3806
6587
2750
4340
4442
428
5635
3268
6683
6553
2643
5707
3709
2417
3256
4819
5198
5353
2796
5193
6156
3812
7466
679
7485
723
4901
420
4990
1410
3142
1998
4894
6419
884
2760
5860
3720
3811
3448
7385
1157
1154
5869
29
5365
7027
5651
6901
2749
1451
5830
1529
6506
6288
6183
3622
2653
96
5228
7016
7431
3036
1889
1697
4226
1901
1244
1736
425
578
1700
387
3943
987
2361
7145
7470
2011
720
4532
4103
3458
6582
5206
1310
4328
5840
439
2214
2030
4740
6872
3507
5329
3168
3290
4595
3388
1105
5408
2472
4407
6216
7227
5089
5799
2090
4589
1299
5891
2077
6896
1341
5001
3588
1324
326
3860
562
3349
2530
4624
3799
3322
2316
4750
794
7327
2602
4105
6731
3697
1510
148
2573
965
159
6144
4160
4903
1207
7482
6902
3964
4285
1179
4882
6937
3224
4350
7486
1740
6215
2509
544
5738
1171
4695
7128
3392
977
2984
4510
3023
2625
841
2257
7274
1327
745
1463
412
536
4573
1574
1026
3233
860
6685
6999
995
6525
7318
5520
3713
3356
2189
4803
4370
5073
1673
3722
7454
5939
500
6161
3839
5626
217
3107
6213
4429
4066
2859
405
1469
5616
45
3842
2978
6399
1027
1685
1297
4743
2100
6791
6703
3255
5220
1003
959
1209
4486
5924
1722
77
3173
6815
185
7229
668
5397
295
4757
7153
4763
1008
4874
1122
1224
6765
1940
5186
331
86
1893
1009
5361
2504
1288
3134
4392
5496
6729
5596
5724
2924
1429
627
4284
2598
5290
910
751
4756
1629
5575
3611
598
3581
5722
5943
6159
176
2397
4989
5865
1478
302
2778
398
3982
6649
6946
674
2221
6414
4918
686
3623
6374
1071
5686
6908
1906
1331
4269
2724
1618
4057
3232
4504
3018
5831
871
7356
1763
1194
6518
6972
5301
2593
4390
5988
2676
3691
3401
5714
6233
4261
5665
3671
1651
2070
2671
6189
7006
3282
5772
1962
3665
3081
3525
7425
1243
1138
1323
5590
5907
7223
