889
5324
3036
629
2243
5219
7176
370
6979
3350
5916
4337
4268
2245
3599
4519
5443
7378
1519
45
4130
1160
6955
4539
6160
6206
3101
6628
1427
5105
6247
30
1697
482
1467
315
6064
1901
4849
2958
6414
6458
435
6804
7392
2101
7145
5434
5474
753
4594
4433
5947
2079
3790
2680
5483
544
3571
7099
6326
7466
3021
6125
4657
7197
1999
4601
1804
3180
961
2477
2090
5302
3404
4100
521
3420
1360
5179
1494
3154
682
7452
4530
4791
1333
4128
6763
591
4851
1334
6380
3666
4612
2764
1792
4263
781
7088
7450
2040
376
3509
1646
5861
4742
5323
1040
1784
3142
3399
1011
5684
1686
4936
6904
1899
4341
3894
5886
2113
6177
3446
1322
1683
7224
6166
1579
0
6567
4122
6779
4528
1927
5717
7400
1781
3929
2170
5173
5001
1962
6756
4208
83
5588
5379
1370
2746
4251
2015
7465
180
2434
4695
4457
3410
3178
3147
4591
5661
4109
590
1754
6822
4166
2057
1012
3612
1905
1863
1441
3843
3936
1596
5397
3198
6393
1852
2632
5852
4362
1652
6635
7242
1959
2671
3898
3765
2622
2210
2888
1993
2209
6921
3038
1929
1240
5377
3756
5303
3261
4510
2134
2487
2396
5727
2704
6608
3653
2990
4547
6780
1018
4260
4785
1074
243
1968
6937
1725
1022
6549
2531
2581
5259
1737
703
5663
221
6209
1770
3322
974
1595
2935
7444
4247
1956
1651
1080
3900
7401
836
7223
7411
6653
4295
4200
5392
924
3130
1221
784
2846
4916
5716
3413
4408
2698
6944
6362
213
5654
4700
4020
5508
4366
6718
2667
783
1243
5890
1895
6986
1909
5832
5316
88
6010
5781
599
4372
6069
7017
3091
7128
2083
2566
163
5643
5891
3913
5762
2196
6701
1488
5632
6495
2264
5470
5523
3280
7093
6854
6399
1288
5204
5345
1179
4846
4442
1189
1987
5829
751
3626
5571
5517
5462
907
6196
5335
2424
4222
4491
5545
4385
2343
6382
2693
5151
6031
2441
3895
244
5326
5798
2337
2807
5604
3588
5912
5247
2115
2757
6224
7090
4771
6879
3215
2753
3504
6173
7265
5478
5380
6039
5652
7008
4963
6609
4835
7120
3412
791
5938
5937
6989
3508
3949
7364
4946
872
1874
2313
7058
1242
1875
6036
509
3572
5926
4725
2247
5671
6615
6028
7457
2516
7281
6205
5466
2883
3006
2604
77
5305
1246
1338
1791
4945
1674
3447
1192
1774
2784
3568
4225
2392
5277
6384
1757
5901
6266
1405
2092
4279
5544
4819
138
1921
5616
2538
345
1250
277
6749
6111
4768
3263
7009
2186
4504
1433
1935
4903
78
1023
3592
18
3662
458
3484
1713
1329
1269
6454
1538
3264
6846
2023
4884
4798
3794
1235
4767
3800
7185
168
4992
5468
1744
2231
4318
419
5987
2759
3125
5073
2437
2187
5736
1844
2613
4840
3628
4370
3997
4837
1275
6613
5365
5612
3723
2712
21
6998
4226
3109
3623
6134
6387
5918
3393
2043
6791
742
2869
3921
3098
6762
3118
6402
4620
5124
3491
6234
7346
839
3305
750
4484
4930
5883
5210
1502
696
6059
6958
2109
7005
2267
5050
1364
70
6656
176
49
7239
5561
6584
2365
3167
549
6070
2872
5803
5928
2903
4511
6461
2252
7394
1632
3519
5389
1782
1954
3391
693
5472
364
1301
4309
5123
3777
4016
4365
3153
6080
6090
3854
1958
979
5529
3448
1013
3751
5657
4881
5496
1173
3096
5312
5454
779
6530
6175
2787
1077
4805
3175
2214
2491
4249
1552
5966
2989
1132
7356
2233
2841
3604
6668
4939
891
6104
6685
1673
6811
6627
6315
719
4873
7453
5859
5780
6655
1188
4663
4602
4214
2347
1898
674
5804
1990
4077
3266
3621
2644
5910
5770
1095
5567
195
4305
1066
4635
1941
1508
1799
1853
2917
960
7101
6568
4823
465
6984
1460
3196
6089
3842
2656
1415
373
2350
1100
6658
1621
4524
6680
6581
7271
2763
5212
2970
4017
2752
1515
5707
5942
7255
5779
43
727
1151
1795
2694
6492
7129
5549
4482
941
7055
4280
7023
4998
6630
6997
2141
1177
7269
3661
6040
7338
6730
2097
5915
3718
7426
3485
1982
1723
6684
5679
2978
5229
5418
5973
4246
2515
5409
250
3910
7276
4802
2484
3044
3565
3983
7398
5033
6591
1372
5742
4645
5772
5733
3516
7366
1569
1407
2761
2969
6374
6836
5242
4898
7341
892
1729
4135
2022
4736
6483
5278
1312
2602
3773
5885
6782
640
2696
3401
7068
2393
6189
171
2346
6841
6737
2058
5519
2277
321
1101
4679
3717
5119
2569
72
5473
2839
409
7211
3622
7446
3975
5401
5693
5515
2009
3507
2411
3716
20
431
3829
5682
2808
554
2035
6520
5309
2813
1422
3237
6570
4671
2000
520
3583
1352
5271
1471
5598
2254
1823
5538
81
7458
330
825
901
6575
4537
2150
4440
131
1061
4593
3131
5314
2489
2812
6523
2512
4831
952
3541
4241
1492
593
2647
459
3231
5837
3617
2810
5535
4312
5531
2952
2148
5143
5022
5957
7236
932
588
4103
1124
3994
1003
7154
3456
845
2743
3326
6119
2497
451
68
1690
405
3472
7375
5224
5195
2082
772
7021
7428
5231
675
5046
6896
1381
1068
2713
4825
6694
6354
3548
1952
7014
4988
5041
427
5812
42
2025
6817
6328
3438
3238
764
6085
4956
6358
2955
2013
5360
5933
5943
1417
3185
2922
2654
1654
6188
3054
3646
7132
1099
63
6081
5088
2168
3590
697
3627
3901
670
4389
4248
773
6794
5587
5989
3582
2639
4038
6194
1748
4177
6606
6210
7470
5974
7372
4331
1607
326
2875
5977
3437
2355
3977
5599
281
3890
1308
2677
308
1593
6253
4885
659
6643
1478
2506
7360
780
86
4972
4483
4883
188
2529
1798
5140
412
6750
1319
7300
616
7474
40
5570
6795
207
4603
6421
6672
1599
2
2777
6589
3711
2520
1997
5642
101
3220
1397
335
4330
5044
1202
2412
4678
4735
6083
2161
3844
5555
6322
5020
1911
2572
4494
3817
2514
7074
6529
1094
2782
5402
4776
1044
821
5546
5137
5062
2884
228
7162
4392
1557
835
971
6566
4223
3995
6053
6897
1161
5688
2146
6783
1382
5461
5013
1849
688
1561
3868
945
4606
272
6484
4538
4393
5540
4042
3828
460
1790
1623
5161
295
2377
802
6275
7384
4872
6325
1326
5504
3107
2131
2741
3388
7473
6457
1885
3370
543
545
245
661
5569
3597
565
3704
2371
102
6413
1842
1598
2519
3523
3111
1429
618
4568
5075
6446
5280
576
6407
3551
966
211
3729
1067
159
5613
5892
6489
6870
14
95
2290
2391
911
4126
7295
4008
5228
1583
2174
6972
3785
466
341
3236
2765
7241
7362
7084
3528
7110
6184
6109
538
4845
3693
685
604
2433
1485
6198
7139
5459
2002
5299
4655
153
6704
474
3445
6330
2773
3241
1850
1940
610
388
7181
2651
7202
3216
7435
7382
3174
5524
1408
2526
2914
4815
7322
5220
2799
7327
4325
4002
3206
4244
60
3770
2909
164
817
476
150
5187
1090
3304
4892
1187
6025
6029
1078
7306
6633
3690
5597
1123
1465
2626
6634
4578
6392
1310
2276
2436
4765
2229
1136
6857
4574
6052
1056
2078
1005
1168
6400
7305
4703
5726
6065
782
7419
3436
2534
5556
2472
204
3675
748
4476
4995
2769
7488
2880
4503
4234
6907
2460
319
3808
7479
1745
2157
6127
6021
6705
424
3573
724
1359
450
5905
1524
52
5738
6540
1648
5148
1436
5645
7026
2652
6666
862
7309
6086
5935
2873
1346
5813
5847
3671
5800
7018
956
641
1655
6116
2708
5718
1870
6357
2606
4105
2543
529
39
3954
6552
539
1484
1641
4911
5667
1918
5139
3422
151
4423
1258
1339
4818
6512
2831
6371
2142
2376
4607
6942
2485
2867
4887
1175
3256
7333
6054
3830
705
5353
6342
5366
7091
6815
3473
154
5875
6534
5068
6200
3951
7264
3268
6105
6803
3143
5174
1098
5838
1137
108
4894
7180
743
6671
7150
5175
2705
1667
2423
2172
1237
3406
809
7408
998
5427
1521
3862
5695
5521
166
4155
5793
676
5511
1826
5311
5997
3657
6436
5760
1230
1128
62
5215
2573
6990
7425
2104
4626
470
5563
5381
6992
6816
4842
4728
884
4113
2251
4708
5234
265
6336
5542
516
6156
3365
5452
2539
887
5464
694
918
4567
1512
6767
5421
1143
3133
7440
3245
5627
2407
2341
6872
2421
1966
3201
5518
196
3884
1722
1088
471
374
5118
1716
7274
5055
3989
858
2874
4812
6009
219
4509
3739
2011
7314
6499
6118
5978
6874
1450
2563
2310
2517
6905
881
6306
3933
6063
4000
2724
2670
5880
3023
7168
969
3667
7081
1455
4356
3503
3161
6587
1629
4649
6928
4345
3813
7189
6553
6092
5871
2684
1584
2282
3040
6287
3150
844
4983
1691
2816
2417
6294
3539
3859
4502
566
7020
3618
4387
7454
455
96
2351
6712
2037
3311
4328
2404
6363
7057
1949
2778
6648
456
4787
875
5575
4896
4090
5550
38
2235
6334
531
6469
5125
1878
6747
1456
294
5921
6186
5116
3979
3243
1191
5664
6229
4009
3029
5391
725
1631
5719
4456
1461
1991
6831
2954
1254
6569
55
4808
398
5211
5292
7086
649
3686
6812
3511
3327
5564
2453
4599
3893
5387
5589
5706
1287
2065
5565
5100
4363
560
7396
5373
2278
6383
6091
4737
4468
7449
1566
4693
6617
5970
1454
5796
669
5262
5794
4589
3917
5677
420
810
5864
2892
410
679
6954
2749
7003
5493
6249
1572
4878
3874
415
5931
6573
3034
7133
856
3349
1440
7234
1296
5016
534
1342
5745
6971
6893
3252
5999
4544
4127
3838
613
1948
2623
4045
3643
147
7001
3458
3462
1969
320
925
4813
1570
2661
3188
3171
754
6452
3421
7066
430
4973
5775
2876
812
3104
6514
6736
2702
142
6267
561
6936
5248
5868
7301
5117
5058
7365
6213
390
383
2614
2077
6962
2162
4281
6784
3681
365
5375
91
5902
6146
1567
4133
6760
2971
4981
2638
3856
2785
6030
7316
4429
2045
2862
4548
129
1922
6871
1262
7293
2664
4508
2239
7
3203
5147
2206
6261
6678
980
6856
6689
5907
6208
2450
3569
2176
6263
2818
6471
1021
519
6307
5352
7442
5831
3702
4550
2366
819
3678
947
6860
6375
5288
2675
1315
256
673
3457
6228
3058
3344
5771
124
5888
5874
1150
1174
3996
5383
2579
1138
4293
1731
4795
1670
4029
4639
6625
481
2236
1835
3020
2041
4581
2584
3589
1299
217
2283
1800
1986
2979
4261
6103
193
2944
993
2262
4273
5239
4654
1327
6888
3748
986
3514
2091
2164
356
4951
854
6741
1043
6956
141
3981
2397
6398
2361
6621
6889
4040
1649
5495
2747
7080
1763
2931
6094
301
989
1389
1963
1860
4489
867
4046
5492
3849
15
5183
3927
6485
1493
5103
5945
3132
6498
7417
1974
2924
5751
589
7475
5704
6597
6814
1354
2751
5764
197
556
4907
1185
1556
1343
3537
122
6135
7196
904
1919
1805
6443
6571
3857
5729
2378
2833
6853
1695
6787
4750
5416
194
5919
550
6340
2326
1399
648
4386
1947
1610
2682
5126
706
4354
4285
7115
7393
5354
954
160
4745
257
3876
1323
1165
1779
4220
3427
4485
1109
3880
608
2688
598
6088
1562
192
3042
3009
975
4852
1751
5906
3873
1164
6133
1229
434
733
6361
5479
4278
7420
4555
2567
6372
3085
5819
6805
4667
3725
2135
185
4512
5696
1293
5436
7438
5878
1357
965
6537
2908
2081
1550
5359
1769
4784
1483
4570
6988
5855
6369
5590
7347
491
4350
7352
4579
1699
665
6911
6698
6319
1097
6768
5501
3400
1404
5769
350
1965
6626
5820
7174
3187
3093
331
1139
5358
6468
2859
7190
2348
5031
6629
3431
7227
6486
5767
744
3124
4070
2191
5279
3791
5182
90
605
2406
1824
4230
5265
5243
7161
647
2456
4563
4888
2689
6792
1295
5021
4644
4608
6785
2061
1518
6412
6947
1170
5
3270
4752
3496
3513
3016
2938
127
4797
5923
386
92
4987
5047
2202
1859
4005
6975
949
6849
2418
2468
6682
905
3882
5300
2648
1794
5608
5722
3495
4753
6056
4664
3273
2788
3669
4068
1171
831
5644
2198
6222
7048
6024
4743
5690
913
4438
5618
1678
930
4326
3233
4779
5419
3232
7349
7257
2949
3852
1489
7292
6865
2144
643
6976
5982
4313
3986
5385
4935
2820
1353
775
3152
2504
1131
1811
6859
1223
5241
5786
1620
1953
7476
3028
5455
5108
1708
3984
4317
1970
1277
5830
3630
1750
3691
6077
416
1035
712
7169
4390
3289
2188
4689
2499
6819
2246
3035
1114
3145
1972
7107
5723
2509
5298
6388
5255
978
3300
7403
126
1324
6299
3173
5245
1619
1245
468
5163
3696
573
3320
3834
7061
6987
1290
3576
4764
4397
3689
595
7138
1086
5000
5867
646
1936
6820
1260
2992
771
2325
157
1297
495
2801
1773
3411
803
5846
7477
4686
3334
4556
1933
494
7350
2498
2067
3971
4426
6919
199
2389
6037
2156
507
2145
6720
6448
4176
5048
7102
6862
6033
1586
707
6759
6082
3757
3615
2860
5520
1122
1351
1846
6973
1244
7482
6935
5218
1822
1580
2238
4979
755
662
7249
5322
6110
1380
2681
378
10
6576
6097
6151
6067
7109
2284
4520
1760
2578
7193
5341
1198
7441
6901
371
6153
5361
1606
3771
6138
4997
223
6462
6895
816
5149
3440
7296
1618
1002
3166
5155
3878
3168
6646
6932
1934
6950
1402
6296
6539
2086
6139
5338
4461
686
6108
1701
584
2426
4792
1119
2463
3811
6265
1157
1180
5660
5897
7434
5785
5198
4301
2217
1209
3918
4633
7376
6171
6500
1696
5372
6050
720
5467
261
34
7105
7369
1092
318
6827
1491
4925
982
3138
7421
4924
1375
4294
1522
2732
1000
1526
1785
6751
562
6690
5388
2274
1477
2014
3100
3461
2136
6242
1533
206
7462
4677
4904
7157
4228
6312
602
1105
5893
423
1979
5209
6654
2298
1676
4980
2707
6664
505
7079
436
6292
6912
2832
2075
4289
6262
2559
5944
5741
2430
6837
869
5404
3987
2957
656
6491
5009
2237
2923
7445
2442
3724
1069
2789
1500
6042
7045
1600
5715
136
1476
2997
6740
830
3860
1978
500
6554
3018
4905
4777
739
1214
41
624
5039
1331
2728
7266
6565
1472
4692
937
540
1356
1630
5633
4340
6190
1228
6476
4943
1830
3593
5017
5497
2695
4702
6574
7119
3240
1771
1719
1884
2046
4799
7141
2770
2549
3544
161
4455
36
5329
4044
6909
5712
6873
6692
5030
6217
6830
3465
5010
1385
6246
1855
4399
2385
1421
2297
7050
2215
2881
3357
3048
7381
2467
4940
403
2624
1010
3733
6355
2800
1577
3710
6038
1900
767
4715
2088
5903
1008
6043
3848
4134
883
634
910
4710
1879
5873
6593
1571
1971
4670
852
5801
167
5748
2194
6131
2904
2273
5701
5476
1961
7049
5934
5516
3793
5865
3378
3025
914
3197
87
2305
3442
4624
1977
210
3331
2195
621
6561
3395
833
6691
6193
5193
1985
3709
5580
2905
6470
3475
6642
6408
4059
3089
6055
4967
6645
6774
3366
4909
5686
5640
5940
1193
6016
6604
1573
2619
7114
5592
6920
722
6075
4011
4321
3705
6203
999
6845
7390
342
7047
4763
3591
336
7177
5489
882
4982
5152
497
1055
2062
5513
6586
934
5674
4149
6433
823
3805
6542
4642
369
1064
5584
2692
1928
2216
5649
5295
3909
5207
4039
536
4756
1172
2336
928
4203
3758
6738
7183
37
212
2334
3310
3701
4908
2180
916
2379
3371
1560
1802
5008
4727
1345
3581
2518
2803
5325
148
5659
4083
2051
6376
6058
1367
203
1107
680
6158
3306
5711
6018
2173
5797
3474
4012
5458
1709
4604
1428
857
5015
4459
3478
2915
5090
1394
6519
1183
1282
5843
103
6254
2428
7361
2413
2312
4492
1877
6810
3139
1335
3181
6501
6688
5788
3047
1861
439
2964
1547
3146
4582
4747
5998
683
7330
1199
5932
5792
4142
3022
2786
1939
3001
1851
6886
7004
4632
4209
4290
4766
3542
5626
4188
6112
2099
4621
3275
6003
1840
3809
1633
4565
4673
6789
2523
6095
3659
964
82
5217
977
5734
4789
7320
5925
7034
5629
1328
1976
2601
7028
5709
366
7187
944
6851
3715
7291
5866
2457
7484
4559
5754
3726
6978
992
64
6868
900
6731
6272
2095
5333
1523
1537
5244
461
3075
973
2263
6199
2918
3713
6863
1739
2259
6607
1463
6521
4204
6411
5226
5815
2524
3944
3184
4454
7206
2106
6939
2721
7194
6745
3416
2840
7418
4116
5480
4333
2649
5666
5475
1841
962
214
762
3409
3092
6451
7387
859
71
4175
7355
6129
758
2983
1266
7237
2653
908
6264
3407
7054
798
3947
4751
600
7214
7007
4264
1371
5485
1273
5221
5638
6525
5167
2018
4934
6377
3564
4707
1426
2780
6733
5860
3697
5110
709
117
1289
2047
6278
6793
1252
5993
463
1224
5692
6924
625
4256
6068
4057
691
5180
3315
4696
1096
7487
3136
5413
5308
3387
334
3512
5576
958
853
5791
5541
3301
5900
4262
2030
6533
5045
627
6076
1803
3192
359
5445
5602
2105
5168
2690
6757
987
6582
1703
4160
2642
1880
7389
6612
6047
380
6241
2545
4250
1263
933
6637
3993
6877
5869
6834
4557
981
840
379
6386
5120
2324
1634
251
2706
2802
5061
6378
4741
165
5980
4759
4488
5319
4731
2439
4315
4148
6020
1996
1611
7229
7367
2794
4990
526
4757
2665
6716
6717
580
1833
5315
1439
5251
2865
6558
2066
569
483
2036
4224
2804
7404
4381
5799
2089
4592
4554
4314
2781
7024
6511
5166
7148
3521
6182
4617
4007
2422
2026
2166
4613
7422
1104
3128
7273
7006
5235
6556
7456
1386
2240
2272
4357
1026
6551
6949
5285
4306
4740
1058
636
2445
7483
2966
399
1047
2440
2032
5746
1432
4690
4596
5876
472
479
6610
1234
7335
2547
832
4236
6967
3931
6620
2535
4447
6991
99
5057
4151
6289
6373
5510
5422
174
4218
1205
7486
728
4143
1424
7424
337
246
6429
5213
6999
3642
156
6844
3651
6899
4198
3867
7357
4335
2400
54
1597
2899
3449
807
6786
358
6913
2016
17
5522
3024
1135
4373
7213
1906
7002
1071
2610
98
1355
4028
492
4913
1145
6062
1210
5774
1062
6518
6840
631
4694
2370
5990
1474
6662
796
6649
6367
2184
6155
5505
1410
2466
1712
1903
5877
1856
3985
1535
2257
4705
5778
1120
1755
1614
7179
3864
506
6652
5398
5330
4082
5743
5104
5761
4410
6918
7299
4292
2380
2927
800
5995
3135
2381
1684
2900
3939
3392
4121
5003
7038
3722
7402
2974
5735
5647
2871
3683
5162
1423
3694
5985
6014
5205
6351
903
1341
6771
1320
4195
4493
1027
2020
6555
3948
5863
5862
1736
5991
5600
1669
6397
3547
4978
723
4672
3255
951
4866
917
4159
2643
1692
2711
6818
888
5776
1305
1396
6480
4513
1194
2309
1156
5665
5369
5651
3487
269
5042
7025
6316
1908
2111
6404
4572
1831
1734
5254
893
6661
7059
3866
3865
1689
3068
4541
995
5336
1511
2060
3863
894
1038
4803
2474
4549
3221
1272
615
3832
1693
5334
2850
699
1479
2961
1626
6657
16
5170
4952
4036
3595
5371
2806
4782
6536
5631
6011
4125
7429
3974
5296
3337
5994
6603
1307
6191
5487
2522
1679
4920
2372
3769
3095
1392
3788
2511
1270
7448
851
2012
5816
1106
5282
1103
996
3312
6752
3506
1060
5263
5825
3545
1653
5158
4647
4600
6154
2199
1916
1612
6049
4178
2218
2280
5206
6117
5438
6538
2367
4444
950
983
4529
6161
1304
3116
6401
4910
2100
5882
5494
2316
5368
7485
3750
4302
4407
3656
1037
6813
4336
363
2658
3601
4192
5076
6467
6233
27
5223
5537
5089
2503
2827
4739
7451
3316
5049
1640
5948
6650
3194
990
7036
1882
769
2678
6100
1762
3792
5578
3084
3282
4546
7158
5236
3648
2834
3972
5842
3195
2630
5655
1447
5810
3957
843
1832
5159
7286
7354
5789
6023
3531
4037
1112
4817
4300
6098
454
65
3559
6686
4516
5954
2017
3538
578
4096
5208
3385
1111
4699
1759
1545
1915
1873
6281
2112
1025
286
2611
871
6293
5641
970
50
4163
5724
1815
6902
6113
4876
5222
2709
6441
4564
6847
1403
2629
2596
1724
1217
1664
6823
222
5821
2686
7016
6365
3776
1549
3177
5112
5507
6022
7310
2133
746
878
2650
5658
6797
3574
1989
1248
1147
4
6940
5132
4253
1657
1924
698
6179
5784
7228
4869
5403
84
6405
6683
428
6775
794
5591
5668
4744
4106
1685
6699
1442
7433
4583
5399
2281
426
4706
2021
5065
2887
6799
5582
2930
5795
6644
5321
7397
5988
777
3942
7146
6394
7332
7188
6754
1645
2911
3833
1677
375
6248
1337
3664
1568
2003
1079
700
3650
5553
4588
2207
5908
2301
6882
4411
626
5260
5440
558
300
5930
2907
4532
4531
361
1017
7165
7013
583
1163
4814
367
7051
6317
2482
5264
1504
4832
4144
296
205
6144
6667
2625
3903
3070
6693
309
5710
6915
3081
761
4890
3050
233
209
2633
6563
12
517
2127
2048
3505
2791
3053
6046
721
3160
6535
401
577
2197
5614
1376
4681
5703
861
6333
179
1395
3608
902
402
6364
5683
3212
2193
2628
6821
2094
2550
169
4164
4338
3182
4416
5625
1232
322
3002
2819
4254
2774
5425
4761
5154
6766
5351
1448
7272
2501
6531
1046
1945
4479
6165
6214
1797
3012
5543
7472
2775
1622
2352
1913
7027
3015
936
2230
6959
5705
2114
5490
158
3818
4984
7342
5824
2762
868
3660
2982
2098
2530
6825
4809
6101
5477
1181
6616
1452
6945
1581
1893
5955
7455
1542
3113
2122
6659
4307
828
1789
5854
7011
5870
6773
6884
1914
1813
4895
7385
897
5699
6929
6977
414
2221
3479
2034
7413
1015
4291
6223
4202
5019
1398
7311
3775
6298
2470
4184
2627
5953
6890
5114
4871
4374
3906
1848
1983
7353
6002
1872
6848
5525
1951
5063
5823
3278
2360
1574
701
2224
2868
6390
3144
1048
6894
5572
175
638
4786
5446
988
2332
7363
5840
6832
906
3430
1255
4949
3290
2766
173
3554
5411
1665
343
1363
6660
6580
442
7052
1203
6460
6864
6579
4858
2562
1793
4625
2373
6739
6424
824
666
3296
731
6729
2076
3563
1904
3105
4304
4597
2296
1700
4545
6481
3086
6187
3510
4150
1384
3444
4999
4543
1801
3384
1543
1149
5232
5922
1469
1637
4153
5370
2050
2395
1866
3526
2019
3566
1710
2533
268
3915
5809
6418
5393
1031
3932
6706
3205
252
3930
3964
5509
6218
48
2882
389
3071
1727
537
6948
440
1636
592
377
4515
5097
959
3425
239
5603
1437
6714
1659
5965
1130
4676
4095
3295
4975
6216
6943
1507
3803
6440
216
4069
710
3847
6914
4969
3685
7094
6742
4034
3740
5856
811
1975
11
687
557
612
5339
7321
3598
522
6965
3030
6588
5676
4631
2311
1247
3083
530
555
493
2208
5924
2598
1828
4157
6578
4235
1740
1036
3134
2565
6724
462
2767
6212
4535
3641
351
4833
912
5317
6867
7044
3602
4197
6981
3397
59
2932
5290
3251
1810
1014
4221
1186
3754
1449
4181
5568
3453
2220
6431
2556
4929
1365
3307
445
5895
4207
5028
7275
6444
6126
4917
3122
841
2691
413
5291
2451
1530
5979
2521
3795
2275
2842
7060
2597
6703
4822
2637
130
6096
7159
1715
3064
6479
3888
702
3836
116
2540
51
1300
3962
2185
3720
3594
4826
532
2620
747
1054
4701
5757
477
4101
262
5111
5606
1045
735
5313
6826
4801
429
2737
490
2241
4713
7046
3839
305
1902
7258
4035
1772
5367
2149
4841
5214
2910
3112
1041
6883
6777
119
7096
3611
3810
2870
299
7035
2733
3013
6396
3570
6251
19
4656
770
7260
7173
7325
6880
5036
1264
2314
826
1233
6922
4748
2849
3340
6910
4527
3088
275
6946
1134
2998
948
1896
1065
6466
5689
1281
4927
6506
406
6838
4430
6583
4196
3488
449
2178
6663
6169
1459
1317
4714
2725
1081
6356
5346
5744
3736
333
2483
1827
1302
3629
357
5720
6057
3291
1707
5374
1525
6778
4800
2069
274
4991
671
35
3061
5790
3814
2895
571
6807
2495
6878
6339
6001
29
1332
3851
288
1520
4595
5836
2031
7078
6842
6993
5002
5920
2586
3434
4058
5551
4463
1225
3737
6887
2318
2593
7319
5721
736
6735
3115
7447
1487
1513
4206
2645
6843
5857
2027
1274
6282
6477
5486
1806
3819
7041
5386
6145
4875
6044
579
6727
4870
5526
2925
2824
2438
2525
1251
3069
93
